5554352352352351525235239832532121114590234184112223253212115555235152523523983253212
67213451236923485212482592398511111
22222222222222241024184112222222222241111111111423413592820111115325321212222222411111111114352352352351525235239832532121
52352352367213451232532121114352352352351525235235252352398590235825212415972035235235232142365236923485212482592398511111
22222241122222222222411113592820111


41122222222222411111111123253212111435235235235152523523983253212111459023418411222372035235235232142365236923485212482592
114590234184112223223411222222222224111111115972035235235232141255555555235152523523983253212111459023418411222325321211252352
11114234135235235152523521511114592
2112223253212112523528201111153253212555512111455552351525235239832532121114590234184
02341835115515252352398325321255235
23523515252352152523522222410241841122222222222411111111114234135928201